49
1 5 4 2 3
1.0 1.1 0.9 1.2 0.8
3001 73 64 64 62 55
3002 88 82 66 79 56
3003 93 57 57 54 56
3004 85 80 50 54 68
3005 51 92 90 92 74
3006 62 51 51 58 73
3007 99 89 94 65 86
3008 84 85 55 87 55
3009 88 96 58 67 62
3010 82 73 63 100 61
3011 76 76 72 70 72
3012 60 57 97 83 73
3013 77 63 72 60 57
3014 54 66 51 82 58
3015 64 82 76 59 95
3016 71 52 84 53 69
3017 73 93 72 84 81
3018 74 90 91 95 84
3019 68 67 87 93 99
3020 86 95 64 64 61
3021 92 78 81 91 87
3022 56 50 85 60 62
3023 60 51 85 86 62
3024 94 93 53 98 74
3025 65 63 77 68 87
3026 51 59 85 52 73
3027 82 51 72 90 76
3028 70 83 66 53 53
3029 88 95 52 76 96
3030 71 77 67 87 76
3031 63 69 100 67 88
3032 78 53 81 63 98
3033 80 73 54 81 78
3034 56 88 87 66 78
3035 51 75 55 50 61
3036 52 62 57 79 72
3037 51 92 90 92 74
3038 85 88 81 72 56
3039 52 77 66 78 78
3040 50 56 74 50 95
3041 95 50 56 86 65
3042 96 54 81 51 85
3043 55 72 77 99 76
3044 79 73 95 75 81
3045 61 73 70 77 86
3046 73 68 76 86 88
3047 98 94 73 83 87
3048 68 77 60 51 100
3049 69 54 83 60 57